Report for 12/12	
Clothes: 10.000000$
Cafe: 20.000000$
